# This file may be used to create an environment using:
# $ conda create --name <env> --file <this file>
# platform: osx-64
blas=1.1=openblas
bzip2=1.0.6=1
ca-certificates=2018.8.24=ha4d7672_0
cairo=1.14.12=he56eebe_3
certifi=2018.8.24=py36_1001
cffi=1.11.5=py36h6174b99_1
ffmpeg=4.0.2=ha6a6e2b_0
fontconfig=2.13.0=h8c010e7_5
freetype=2.8.1=hfa320df_1
gettext=0.19.8.1=h1f1d5ed_1
giflib=5.1.4=h470a237_1
glib=2.55.0=h464dc38_2
gmp=6.1.2=hfc679d8_0
gnutls=3.5.19=h2a4e5f8_1
graphite2=1.3.12=h7d4d677_1
harfbuzz=1.8.5=h2bb21d5_0
hdf5=1.10.2=hc401514_2
icu=58.2=hfc679d8_0
intel-openmp=2019.0=118
jasper=1.900.1=hff1ad4c_5
jpeg=9c=h470a237_1
libcxx=4.0.1=h579ed51_0
libcxxabi=4.0.1=hebd6815_0
libedit=3.1.20170329=hb402a30_2
libffi=3.2.1=h475c297_4
libgfortran=3.0.1=h93005f0_2
libiconv=1.15=h470a237_3
libopenblas=0.3.3=hdc02c5d_3
libpng=1.6.34=he12f830_0
libprotobuf=3.6.0=hd28b015_0
libtiff=4.0.9=hcb84e12_2
libwebp=0.5.2=7
libxml2=2.9.8=h422b904_5
mkl=2019.0=118
mkl_fft=1.0.6=py36_0
mkl_random=1.0.1=py36_0
ncurses=6.1=h0a44026_0
nettle=3.3=0
ninja=1.8.2=py36h04f5b5a_1
numpy=1.15.2=py36_blas_openblashd3ea46f_1
numpy-base=1.15.2=py36ha711998_1
olefile=0.46=py36_0
openblas=0.2.20=8
opencv=3.4.3=py36_blas_openblash553dce0_200
openh264=1.7.0=0
openssl=1.0.2p=h470a237_0
pcre=8.41=hfc679d8_3
pillow=5.2.0=py36h2dc6135_1
pip=10.0.1=py36_0
pixman=0.34.0=h470a237_3
protobuf=3.6.0=py36hfc679d8_0
pycparser=2.19=py36_0
python=3.6.6=hc167b69_0
pytorch=0.4.1=py36_cuda0.0_cudnn0.0_1
pytorch-nightly-cpu=1.0.0.dev20181005=py3.6_0
readline=7.0=h1de35cc_5
setuptools=40.4.3=py36_0
six=1.11.0=py36_1
sqlite=3.25.2=ha441bb4_0
tabulate=0.8.2=py36_0
tensorboardx=1.4=py_0
termcolor=1.1.0=py36_1
tk=8.6.8=ha441bb4_0
torchvision=0.2.1=py36_1
wheel=0.32.0=py36_0
x264=1!152.20180717=h470a237_1
xz=5.2.4=h1de35cc_4
zlib=1.2.11=hf3cbc9b_2
